12647823349223516355
9372360778221889370
10429295712241060408
8383068494685791843
10800521917353608292
750859168340797480
2184160049308013468
6393267238866235085
8182655177160334853
13222035754050415889
3314103940285854445
3471814941215528188
6569180696012051997
13659601715880973233
3581080768911959908
14771143321438751156
9120210343541107656
13033483476715947380
6808150374822440062
1934434733651676742
11880771911503583299
8095991223399919437
14771143321438751156
8475443857864815586
2905075308968598312
1232674593751346427
15160593970520721615
13014330338071458330
10030348396339446367
10604812821616262541
7950484254711871350
11168447356395507127
13761566492523416575
4375848767028070430
11987538844058424272
2966232982545699645
14127749134750888808
11012771255194920826
9267725990909496294
7021223851241761013
2282976537091501072
9739971795722774623
5429950707288077705
3773604553651804281
8475443857864815586
2756812654933772637
15120992117336005510
951118917114349135
13757742431975844336
11614059295427615560
12323584867680510366
9126745029793493307
2282976537091501072
3043562742866159159
15174709409584322602
2091097198581546692
7722241054187759924
4375848767028070430
11987538844058424272
4771916067152657217
2477381930921002115
9670165767417520650
1107761981127470570
12564536392889317678
14215514324402356864
11753016907951254058
10523958180399791893
5115372355823268958
5195371344975735412
9964874498074051264
4924393238808452245
14280526375141004876
316035659669409248
7829462869274332573
13192037721547280949
13589897041324247214
306529371843904122
6450371299103382311
9310431006342267341
12801109456301828930
89002800008387841
14607853774707227521
13880437154798914547
12539543433977470594
7430539998317742282
9120210343541107656
3187871158391061186
10746102827611777078
6860510585655584424
6838969095052969568
13506251889122752690
12832545419345328365
5442067307490363901
13477985417415503172
14903290585398744049
2042545000382711914
6066856925634383405
12011096999346566699
9527128240382909545
3581987127193331363
13967307063727193860
14073615136419522777
7020129927074287497
8749405111576887395
9683581530682652839
9739971795722774623
5429950707288077705
11921408706695714231
10030348396339446367
2091097198581546692
1661931468143219311
13819544599411926568
2338888483538959266
8383068494685791843
2000841149482064530
7541415691806878534
9707688090641977061
11581582119807701189
6626254082666887536
2749819902637734595
10178718312180627242
10139553828344625219
6770397542708987270
10136879718830689366
5844531552558172940
15036324369058439208
4976522578189400506
2119292464759751784
3927990026762421188
7573828070356618078
7645143766592535361
5761807844604749321
1219755090517795709
4771916067152657217
3133166852213999219
5570375125507904245
9562693147851013971
13894553330662216469
14180363144101782591
8820411284549389959
10369854851655735307
15059632417808894442
6611523288877905844
9267725990909496294
11016873210395361274
650317911859800172